id,site_id,title,price,sale_price,currency_id,available_quantity,sold_quantity,buying_mode,listing_type_id,stop_time,condition,permalink,thumbnail,thumbnail_id,accepts_mercadopago,original_price,category_id,official_store_id,domain_id,catalog_product_id,order_backend,use_thumbnail_id,offer_score,offer_share,match_score,winner_item_id,melicoin,seller_id,seller_permalink,seller_registration_date,seller_car_dealer,seller_real_estate_agency,seller_tags,prices_id,prices_prices,prices_presentation,prices_payment_method_prices,prices_reference_prices,prices_purchase_discounts,installments_quantity,installments_amount,installments_rate,installments_currency_id,address_state_id,address_state_name,address_city_id,address_city_name,shipping_free_shipping,shipping_mode,shipping_tags,shipping_logistic_type,shipping_store_pick_up,seller_address_id,seller_address_comment,seller_address_address_line,seller_address_zip_code,seller_address_country_name,seller_address_state_name,seller_address_city_name,seller_address_latitude,seller_address_longitude,NUM_ATTRIBUTEs,BRAND,ITEM_CONDITION,num_tags,best_seller_candidate,loyalty_discount_eligible,good_quality_picture,MODEL
MCO855123318,MCO,Juego De Cartas Uno Clásico Mattel,15920,,COP,258,5,buy_it_now,gold_special,2042-01-28T04:00:00.000Z,new,https://www.mercadolibre.com.co/juego-de-cartas-uno-clasico-mattel/p/MCO7785338,http://http2.mlstatic.com/D_727125-MLA46521613200_062021-I.jpg,727125-MLA46521613200_062021,True,,MCO1161,1257,MCO-BOARD_GAMES,MCO7785338,50,True,,,,,,450708146,,,False,False,,MCO855123318,"[{'id': '1', 'type': 'standard', 'amount': 15920, 'regular_amount': None, 'currency_id': 'COP', 'last_updated': '2022-02-02T11:58:22Z', 'conditions': {'context_restrictions': [], 'start_time': None, 'end_time': None, 'eligible': True}, 'exchange_rate_context': 'DEFAULT', 'metadata': {}}]",{'display_currency': 'COP'},[],[],[],36,442.22,0,COP,CO-ANT,Antioquia,TUNPQ01FRGRjNjc4,Medellín,False,me2,['fbm_in_process'],xd_drop_off,False,,,,,Colombia,Antioquia,Medellín,,,5,Mattel,Nuevo,5,1,1,1,
MCO558308573,MCO,Domino ,9700,,COP,1,150,buy_it_now,gold_pro,2040-04-02T04:00:00.000Z,new,https://articulo.mercadolibre.com.co/MCO-558308573-domino-_JM,http://http2.mlstatic.com/D_783525-MCO45618949444_042021-I.jpg,783525-MCO45618949444_042021,True,,MCO1161,,MCO-BOARD_GAMES,,49,True,,,,,,169991554,,,False,False,,MCO558308573,"[{'id': '1', 'type': 'standard', 'amount': 9700, 'regular_amount': None, 'currency_id': 'COP', 'last_updated': '2021-04-16T03:16:07Z', 'conditions': {'context_restrictions': [], 'start_time': None, 'end_time': None, 'eligible': True}, 'exchange_rate_context': 'DEFAULT', 'metadata': {}}]",{'display_currency': 'COP'},[],[],[],12,808.33,0,COP,CO-VAC,Valle Del Cauca,TUNPQ0pBTTIwMTk,Jamundí,False,me2,[],cross_docking,False,,,,,Colombia,Valle Del Cauca,Jamundí,,,3,Genérica,Nuevo,6,1,1,1,
MCO567772539,MCO,Combo X2 Torre Jenga Grande 48pz Bloques  + Carta Uno Flip,33990,,COP,1,200,buy_it_now,gold_pro,2040-06-19T04:00:00.000Z,new,https://articulo.mercadolibre.com.co/MCO-567772539-combo-x2-torre-jenga-grande-48pz-bloques-carta-uno-flip-_JM,http://http2.mlstatic.com/D_677296-MCO42326615852_062020-I.jpg,677296-MCO42326615852_062020,True,,MCO1161,,MCO-BOARD_GAMES,,48,True,,,,,,254808136,,,False,False,,MCO567772539,"[{'id': '1', 'type': 'standard', 'amount': 33990, 'regular_amount': None, 'currency_id': 'COP', 'last_updated': '2022-02-01T22:29:32Z', 'conditions': {'context_restrictions': [], 'start_time': None, 'end_time': None, 'eligible': True}, 'exchange_rate_context': 'DEFAULT', 'metadata': {}}]",{'display_currency': 'COP'},[],[],[],12,2832.5,0,COP,CO-DC,Bogotá D.C.,TUNPQ01BUjU5NzU1,Martires,False,me2,['self_service_in'],cross_docking,False,,,,,Colombia,Bogotá D.C.,Martires,,,5,Vittoria,Nuevo,6,1,1,1,
MCO533527306,MCO,Juego De Mesa Tri-domino Caja,38900,,COP,250,250,buy_it_now,gold_special,2040-05-30T22:32:09.000Z,new,https://articulo.mercadolibre.com.co/MCO-533527306-juego-de-mesa-tri-domino-caja-_JM,http://http2.mlstatic.com/D_736793-MCO32168855593_092019-I.jpg,736793-MCO32168855593_092019,True,,MCO1161,1257,MCO-BOARD_GAMES,,47,True,,,,,,450708146,,,False,False,,MCO533527306,"[{'id': '9', 'type': 'standard', 'amount': 38900, 'regular_amount': None, 'currency_id': 'COP', 'last_updated': '2021-12-04T12:13:04Z', 'conditions': {'context_restrictions': [], 'start_time': None, 'end_time': None, 'eligible': True}, 'exchange_rate_context': 'DEFAULT', 'metadata': {}}]",{'display_currency': 'COP'},[],[],[],36,1080.56,0,COP,CO-ANT,Antioquia,TUNPQ01FRGRjNjc4,Medellín,True,me2,[],xd_drop_off,False,,,,,Colombia,Antioquia,Medellín,,,5,Tri-Domino,Nuevo,4,0,0,1,
MCO841071852,MCO,Sobre Cartas Pokemon Espada Y Escudo Voltaje Español,15000,,COP,1,50,buy_it_now,gold_special,2041-12-06T04:00:00.000Z,new,https://articulo.mercadolibre.com.co/MCO-841071852-sobre-cartas-pokemon-espada-y-escudo-voltaje-espanol-_JM,http://http2.mlstatic.com/D_944120-MCO48577214386_122021-O.jpg,944120-MCO48577214386_122021,True,,MCO3390,,MCO-TRADING_CARD_GAMES,,46,False,,,,,,699203816,,,False,False,,MCO841071852,"[{'id': '1', 'type': 'standard', 'amount': 15000, 'regular_amount': None, 'currency_id': 'COP', 'last_updated': '2021-12-11T17:17:32Z', 'conditions': {'context_restrictions': ['channel_marketplace'], 'start_time': None, 'end_time': None, 'eligible': True}, 'exchange_rate_context': 'DEFAULT', 'metadata': {}}, {'id': '2', 'type': 'standard', 'amount': 14400, 'regular_amount': None, 'currency_id': 'COP', 'last_updated': '2021-12-11T17:17:32Z', 'conditions': {'context_restrictions': ['channel_mshops'], 'start_time': None, 'end_time': None, 'eligible': True}, 'exchange_rate_context': 'DEFAULT', 'metadata': {}}]",{'display_currency': 'COP'},[],[],[],36,416.67,0,COP,CO-DC,Bogotá D.C.,TUNPQ1RFVTY1OTk1,Teusaquillo,False,me2,['self_service_in'],xd_drop_off,False,,,,,Colombia,Bogotá D.C.,Teusaquillo,,,4,Pokémon,Nuevo,6,1,1,1,Sobre de 10 Cartas
MCO858526487,MCO,Juego De Mesa Cranium Hasbro,116910,,COP,16,0,buy_it_now,gold_special,2042-02-06T04:00:00.000Z,new,https://www.mercadolibre.com.co/juego-de-mesa-cranium-hasbro/p/MCO18345135,http://http2.mlstatic.com/D_634184-MLA48945935871_012022-I.jpg,634184-MLA48945935871_012022,True,,MCO1161,1257,MCO-BOARD_GAMES,MCO18345135,45,True,,,,,,450708146,,,False,False,,MCO858526487,"[{'id': '1', 'type': 'standard', 'amount': 116910, 'regular_amount': None, 'currency_id': 'COP', 'last_updated': '2022-02-11T14:52:31Z', 'conditions': {'context_restrictions': [], 'start_time': None, 'end_time': None, 'eligible': True}, 'exchange_rate_context': 'DEFAULT', 'metadata': {}}]",{'display_currency': 'COP'},[],[],[],36,3247.5,0,COP,CO-ANT,Antioquia,TUNPQ01FRGRjNjc4,Medellín,True,me2,['mandatory_free_shipping'],xd_drop_off,False,,,,,Colombia,Antioquia,Medellín,,,3,Hasbro,Nuevo,4,1,0,1,
MCO577244549,MCO,Juego De Mesa Hasbro Jenga Clásico - 54 Bloques Madera,79900,,COP,250,500,buy_it_now,gold_special,2040-11-21T19:58:33.000Z,new,https://articulo.mercadolibre.com.co/MCO-577244549-juego-de-mesa-hasbro-jenga-clasico-54-bloques-madera-_JM,http://http2.mlstatic.com/D_768281-MCO43173331624_082020-I.jpg,768281-MCO43173331624_082020,True,89900,MCO1161,400,MCO-BOARD_GAMES,MCO7785330,44,True,,,,,,544457773,,,False,False,,MCO577244549,"[{'id': '178', 'type': 'standard', 'amount': 89900, 'regular_amount': None, 'currency_id': 'COP', 'last_updated': '2022-02-09T16:44:12Z', 'conditions': {'context_restrictions': [], 'start_time': None, 'end_time': None, 'eligible': True}, 'exchange_rate_context': 'DEFAULT', 'metadata': {}}, {'id': '181', 'type': 'promotion', 'amount': 79900, 'regular_amount': 89900, 'currency_id': 'COP', 'last_updated': '2022-02-09T16:44:55Z', 'conditions': {'context_restrictions': ['channel_marketplace'], 'start_time': '2021-03-25T14:59:00Z', 'end_time': '2029-12-01T15:29:00Z', 'eligible': True}, 'exchange_rate_context': 'DEFAULT', 'metadata': {'campaign_id': 'MCO2574', 'promotion_id': 'MCO2574', 'promotion_type': 'campaign'}}]",{'display_currency': 'COP'},[],"[{'id': '61', 'type': 'list', 'conditions': {'context_restrictions': ['channel_marketplace'], 'start_time': None, 'end_time': None, 'eligible': True}, 'amount': 79900, 'currency_id': 'COP', 'exchange_rate_context': 'DEFAULT', 'tags': [], 'last_updated': '2021-10-08T20:26:09Z'}]",[],36,2219.44,0,COP,CO-CUN,Cundinamarca,TUNPQ0ZVTjMxMDQy,Funza,True,me2,"['fulfillment', 'mandatory_free_shipping']",fulfillment,False,,,,,Colombia,Cundinamarca,Funza,,,6,Hasbro,Nuevo,6,0,0,1,
MCO629714923,MCO,Ajedrez #3 En Madera Artesanal De 30 X 30,41000,,COP,1,100,buy_it_now,gold_special,2041-05-27T04:00:00.000Z,new,https://articulo.mercadolibre.com.co/MCO-629714923-ajedrez-3-en-madera-artesanal-de-30-x-30-_JM,http://http2.mlstatic.com/D_768859-MCO46233013917_062021-I.jpg,768859-MCO46233013917_062021,True,,MCO1161,,MCO-BOARD_GAMES,,43,True,,,,,,36668282,,,False,False,,MCO629714923,"[{'id': '2', 'type': 'standard', 'amount': 41000, 'regular_amount': None, 'currency_id': 'COP', 'last_updated': '2021-12-06T15:25:28Z', 'conditions': {'context_restrictions': [], 'start_time': None, 'end_time': None, 'eligible': True}, 'exchange_rate_context': 'DEFAULT', 'metadata': {}}]",{'display_currency': 'COP'},[],[],[],36,1138.89,0,COP,CO-DC,Bogotá D.C.,TUNPQ1NVQjUzNzQ4,Suba,False,me2,"['fulfillment', 'self_service_in']",fulfillment,False,,,,,Colombia,Bogotá D.C.,Suba,,,5,Producto Colombiano,Nuevo,7,1,1,1,
MCO512629727,MCO,Tumblin Monkeys Juego Familiar Monos Locos Ref. 707-48,49990,,COP,1,100,buy_it_now,gold_special,2039-05-05T04:00:00.000Z,new,https://articulo.mercadolibre.com.co/MCO-512629727-tumblin-monkeys-juego-familiar-monos-locos-ref-707-48-_JM,http://http2.mlstatic.com/D_929622-MCO46014301881_052021-I.jpg,929622-MCO46014301881_052021,True,,MCO1161,,MCO-BOARD_GAMES,,42,True,,,,,,138353657,,,False,False,,MCO512629727,"[{'id': '7', 'type': 'standard', 'amount': 49990, 'regular_amount': None, 'currency_id': 'COP', 'last_updated': '2021-11-20T05:06:52Z', 'conditions': {'context_restrictions': [], 'start_time': None, 'end_time': None, 'eligible': True}, 'exchange_rate_context': 'DEFAULT', 'metadata': {}}]",{'display_currency': 'COP'},[],[],[],36,1388.61,0,COP,CO-DC,Bogotá D.C.,TUNPQ01BUjU5NzU1,Martires,False,me2,"['fulfillment', 'fs_threshold_mco_change_apr2021', 'self_service_in']",fulfillment,False,,,,,Colombia,Bogotá D.C.,Martires,,,5,toys,Nuevo,6,0,1,1,
MCO561860442,MCO,Juego Charada De Ronda,51000,,COP,1,250,buy_it_now,gold_special,2040-05-03T04:00:00.000Z,new,https://articulo.mercadolibre.com.co/MCO-561860442-juego-charada-de-ronda-_JM,http://http2.mlstatic.com/D_739424-MCO41733612339_052020-I.jpg,739424-MCO41733612339_052020,True,,MCO1161,,MCO-BOARD_GAMES,,41,True,,,,,,22672010,,,False,False,,MCO561860442,"[{'id': '3', 'type': 'standard', 'amount': 51000, 'regular_amount': None, 'currency_id': 'COP', 'last_updated': '2021-07-22T22:25:19Z', 'conditions': {'context_restrictions': [], 'start_time': None, 'end_time': None, 'eligible': True}, 'exchange_rate_context': 'DEFAULT', 'metadata': {}}]",{'display_currency': 'COP'},[],[],[],36,1416.67,0,COP,CO-DC,Bogotá D.C.,TUNPQ1RFVTY1OTk1,Teusaquillo,False,me2,"['fulfillment', 'self_service_in']",fulfillment,False,,,,,Colombia,Bogotá D.C.,Teusaquillo,,,5,Ronda,Nuevo,7,1,1,1,
MCO817651524,MCO,Uno Drink 4 Copas,48760,,COP,1,100,buy_it_now,gold_pro,2041-09-30T04:00:00.000Z,new,https://articulo.mercadolibre.com.co/MCO-817651524-uno-drink-4-copas-_JM,http://http2.mlstatic.com/D_891876-MCO47770058178_102021-I.jpg,891876-MCO47770058178_102021,True,53000,MCO1161,,MCO-BOARD_GAMES,,40,True,,,,,,580536764,,,False,False,,MCO817651524,"[{'id': '7', 'type': 'standard', 'amount': 53000, 'regular_amount': None, 'currency_id': 'COP', 'last_updated': '2022-01-24T04:57:33Z', 'conditions': {'context_restrictions': [], 'start_time': None, 'end_time': None, 'eligible': True}, 'exchange_rate_context': 'DEFAULT', 'metadata': {}}, {'id': '8', 'type': 'promotion', 'amount': 48760, 'regular_amount': 53000, 'currency_id': 'COP', 'last_updated': '2022-02-07T15:41:55Z', 'conditions': {'context_restrictions': ['channel_marketplace'], 'start_time': '2022-01-19T13:30:00Z', 'end_time': '2023-01-01T04:00:00Z', 'eligible': True}, 'exchange_rate_context': 'DEFAULT', 'metadata': {'campaign_id': 'MCO3990', 'promotion_id': 'MCO3990', 'promotion_type': 'campaign'}}]",{'display_currency': 'COP'},[],[],[],12,4063.33,0,COP,CO-VAC,Valle Del Cauca,TUNPQ0NBTDYyZDA0,Cali,True,me2,['fulfillment'],fulfillment,False,,,,,Colombia,Valle Del Cauca,Cali,,,5,Mattel games,Nuevo,7,1,1,1,
MCO541447019,MCO,Canicas X 1 Kilo Malla Plu:1485,17200,,COP,500,200,buy_it_now,gold_special,2040-05-30T22:31:56.000Z,new,https://articulo.mercadolibre.com.co/MCO-541447019-canicas-x-1-kilo-malla-plu1485-_JM,http://http2.mlstatic.com/D_827916-MCO32872153471_112019-I.jpg,827916-MCO32872153471_112019,True,,MCO1161,1257,MCO-BOARD_GAMES,,39,True,,,,,,450708146,,,False,False,,MCO541447019,"[{'id': '20', 'type': 'standard', 'amount': 17200, 'regular_amount': None, 'currency_id': 'COP', 'last_updated': '2021-12-04T12:13:04Z', 'conditions': {'context_restrictions': [], 'start_time': None, 'end_time': None, 'eligible': True}, 'exchange_rate_context': 'DEFAULT', 'metadata': {}}, {'id': '11', 'type': 'promotion', 'amount': 17200, 'regular_amount': 21500, 'currency_id': 'COP', 'last_updated': '2021-09-23T15:36:33Z', 'conditions': {'context_restrictions': ['channel_marketplace'], 'start_time': '2021-09-23T05:00:00Z', 'end_time': '2021-09-30T04:59:59Z', 'eligible': True}, 'exchange_rate_context': 'DEFAULT', 'metadata': {'promotion_id': '649119-MCO541447019', 'promotion_type': 'custom'}}]",{'display_currency': 'COP'},[],[],[],36,477.78,0,COP,CO-ANT,Antioquia,TUNPQ01FRGRjNjc4,Medellín,False,me2,[],xd_drop_off,False,,,,,Colombia,Antioquia,Medellín,,,4,,Nuevo,6,1,1,1,
MCO471240106,MCO,"Mesa Escritorio Pupitre Tablero Niños, Caja De Marcadores",149900,,COP,500,500,buy_it_now,gold_special,2040-10-02T15:14:09.000Z,new,https://articulo.mercadolibre.com.co/MCO-471240106-mesa-escritorio-pupitre-tablero-ninos-caja-de-marcadores-_JM,http://http2.mlstatic.com/D_810275-MCO43137480519_082020-O.jpg,810275-MCO43137480519_082020,True,,MCO1161,,MCO-BOARD_GAMES,,38,False,,,,,,5162681,,,False,False,,MCO471240106,"[{'id': '11', 'type': 'standard', 'amount': 149900, 'regular_amount': None, 'currency_id': 'COP', 'last_updated': '2021-11-16T20:31:15Z', 'conditions': {'context_restrictions': [], 'start_time': None, 'end_time': None, 'eligible': True}, 'exchange_rate_context': 'DEFAULT', 'metadata': {}}, {'id': '16', 'type': 'promotion', 'amount': 142405, 'regular_amount': 149900, 'currency_id': 'COP', 'last_updated': '2022-01-05T15:32:14Z', 'conditions': {'context_restrictions': ['channel_marketplace'], 'start_time': '2022-01-09T23:00:00Z', 'end_time': '2022-01-10T05:00:00Z', 'eligible': True}, 'exchange_rate_context': 'DEFAULT', 'metadata': {'promotion_id': '1426476-MCO471240106', 'promotion_type': 'lightning'}}]",{'display_currency': 'COP'},[],[],[],36,4163.89,0,COP,CO-RIS,Risaralda,TUNPQ0RPU2E2OGE1,Dosquebradas,True,me2,['mandatory_free_shipping'],drop_off,False,,,,,Colombia,Risaralda,Dosquebradas,,,3,BT,Nuevo,5,0,1,1,
MCO610763918,MCO,Lote 100 Cartas Yu-gi- Oh Sin Repetir ,25000,,COP,1,250,buy_it_now,gold_pro,2041-04-26T12:44:19.000Z,new,https://articulo.mercadolibre.com.co/MCO-610763918-lote-100-cartas-yu-gi-oh-sin-repetir-_JM,http://http2.mlstatic.com/D_729634-MCO45745493822_042021-I.jpg,729634-MCO45745493822_042021,True,,MCO3390,,MCO-TRADING_CARD_GAMES,,37,True,,,,,,495473002,,,False,False,,MCO610763918,"[{'id': '4', 'type': 'standard', 'amount': 25000, 'regular_amount': None, 'currency_id': 'COP', 'last_updated': '2022-02-01T01:30:18Z', 'conditions': {'context_restrictions': [], 'start_time': None, 'end_time': None, 'eligible': True}, 'exchange_rate_context': 'DEFAULT', 'metadata': {}}]",{'display_currency': 'COP'},[],[],[],12,2083.33,0,COP,CO-DC,Bogotá D.C.,TUNPQ1VTQTY3MTQ1,Usaquén,False,me2,[],xd_drop_off,False,,,,,Colombia,Bogotá D.C.,Usaquén,,,4,Konami,Nuevo,5,1,0,1,Yu-Gi-Oh!
MCO653051157,MCO,Juego De Cartas Dobble Clásico Asmodee,77500,,COP,6,32,buy_it_now,gold_special,2041-11-15T03:10:18.000Z,new,https://www.mercadolibre.com.co/juego-de-cartas-dobble-clasico-asmodee/p/MCO7858920,http://http2.mlstatic.com/D_716892-MLA46521726763_062021-I.jpg,716892-MLA46521726763_062021,True,,MCO1161,1258,MCO-BOARD_GAMES,MCO7858920,36,True,,,,,,275549853,,,False,False,,MCO653051157,"[{'id': '14', 'type': 'standard', 'amount': 77500, 'regular_amount': None, 'currency_id': 'COP', 'last_updated': '2022-02-16T12:12:29Z', 'conditions': {'context_restrictions': [], 'start_time': None, 'end_time': None, 'eligible': True}, 'exchange_rate_context': 'DEFAULT', 'metadata': {}}]",{'display_currency': 'COP'},[],[],[],36,2152.78,0,COP,CO-DC,Bogotá D.C.,TUNPQ0JBUjEyNTcx,Barrios Unidos,True,me2,"['self_service_in', 'fs_threshold_mco_change_apr2021', 'fs_threshold_mco_change_jul2021', 'mandatory_free_shipping']",cross_docking,False,,,,,Colombia,Bogotá D.C.,Barrios Unidos,,,5,Asmodee,Nuevo,4,1,0,1,
MCO631273164,MCO,Ajedrez #4 En Madera Artesanal De 40 X 40,52000,,COP,1,100,buy_it_now,gold_special,2041-05-30T04:00:00.000Z,new,https://articulo.mercadolibre.com.co/MCO-631273164-ajedrez-4-en-madera-artesanal-de-40-x-40-_JM,http://http2.mlstatic.com/D_945436-MCO46273676591_062021-I.jpg,945436-MCO46273676591_062021,True,,MCO1161,,MCO-BOARD_GAMES,,35,True,,,,,,36668282,,,False,False,,MCO631273164,"[{'id': '4', 'type': 'standard', 'amount': 52000, 'regular_amount': None, 'currency_id': 'COP', 'last_updated': '2021-06-23T15:02:53Z', 'conditions': {'context_restrictions': [], 'start_time': None, 'end_time': None, 'eligible': True}, 'exchange_rate_context': 'DEFAULT', 'metadata': {}}]",{'display_currency': 'COP'},[],[],[],36,1444.44,0,COP,CO-DC,Bogotá D.C.,TUNPQ1NVQjUzNzQ4,Suba,False,me2,"['fulfillment', 'self_service_in']",fulfillment,False,,,,,Colombia,Bogotá D.C.,Suba,,,5,Producto Colombiano,Nuevo,6,0,1,1,
MCO504715306,MCO,Parqués Magnético Plegable Doble Cara 6 Y 4 Puestos 50x50,35000,,COP,1,250,buy_it_now,gold_special,2039-02-19T04:00:00.000Z,new,https://articulo.mercadolibre.com.co/MCO-504715306-parques-magnetico-plegable-doble-cara-6-y-4-puestos-50x50-_JM,http://http2.mlstatic.com/D_827254-MCO44988498371_022021-I.jpg,827254-MCO44988498371_022021,True,,MCO1161,,MCO-BOARD_GAMES,,34,True,,,,,,36668282,,,False,False,,MCO504715306,"[{'id': '4b81eb6f-7074-45ca-9f04-fa1f2dd06f8c', 'type': 'standard', 'amount': 35000, 'regular_amount': None, 'currency_id': 'COP', 'last_updated': '2020-09-15T13:26:42Z', 'conditions': {'context_restrictions': [], 'start_time': None, 'end_time': None, 'eligible': True}, 'exchange_rate_context': 'DEFAULT', 'metadata': {}}]",{'display_currency': 'COP'},[],[],[],36,972.22,0,COP,CO-DC,Bogotá D.C.,TUNPQ1NVQjUzNzQ4,Suba,False,me2,"['fulfillment', 'self_service_in']",fulfillment,False,,,,,Colombia,Bogotá D.C.,Suba,,,5,Producto Colombiano,Nuevo,7,1,1,1,
MCO564037194,MCO,Pegamento Especial Para Rompecabezas - Puzzle Glue Conserver,9900,,COP,1,250,buy_it_now,gold_pro,2040-05-22T04:00:00.000Z,new,https://articulo.mercadolibre.com.co/MCO-564037194-pegamento-especial-para-rompecabezas-puzzle-glue-conserver-_JM,http://http2.mlstatic.com/D_718028-MCO41975590937_052020-I.jpg,718028-MCO41975590937_052020,True,,MCO436800,,MCO-PUZZLES,,33,True,,,,,,228238667,,,False,False,,MCO564037194,"[{'id': '4', 'type': 'standard', 'amount': 9900, 'regular_amount': None, 'currency_id': 'COP', 'last_updated': '2021-05-13T17:59:33Z', 'conditions': {'context_restrictions': [], 'start_time': None, 'end_time': None, 'eligible': True}, 'exchange_rate_context': 'DEFAULT', 'metadata': {}}]",{'display_currency': 'COP'},[],[],[],12,825.0,0,COP,CO-ANT,Antioquia,TUNPQ0VOVjU5YjYx,Envigado,False,me2,['fulfillment'],fulfillment,False,,,,,Colombia,Antioquia,Envigado,,,6,INGENIO DESTREZA MENTAL,Nuevo,7,1,1,1,
MCO853407233,MCO, Jenga Clásico Hasbro,79195,,COP,1,2,buy_it_now,gold_special,2042-01-22T04:00:00.000Z,new,https://www.mercadolibre.com.co/jenga-clasico-hasbro/p/MCO7785330,http://http2.mlstatic.com/D_695989-MLA48816278643_012022-I.jpg,695989-MLA48816278643_012022,True,,MCO1161,1257,MCO-BOARD_GAMES,MCO7785330,32,True,,,,,,450708146,,,False,False,,MCO853407233,"[{'id': '3', 'type': 'standard', 'amount': 79195, 'regular_amount': None, 'currency_id': 'COP', 'last_updated': '2022-02-11T12:02:46Z', 'conditions': {'context_restrictions': [], 'start_time': None, 'end_time': None, 'eligible': True}, 'exchange_rate_context': 'DEFAULT', 'metadata': {}}]",{'display_currency': 'COP'},[],[],[],36,2199.86,0,COP,CO-ANT,Antioquia,TUNPQ01FRGRjNjc4,Medellín,True,me2,"['fulfillment', 'fs_threshold_mco_change_jul2021', 'mandatory_free_shipping']",fulfillment,False,,,,,Colombia,Antioquia,Medellín,,,5,Hasbro,Nuevo,5,1,0,1,
MCO636936185,MCO,Juego De Mesa Monopoly: Edición Para Tramposos,90930,,COP,50,50,buy_it_now,gold_special,2041-06-12T04:00:00.000Z,new,https://articulo.mercadolibre.com.co/MCO-636936185-juego-de-mesa-monopoly-edicion-para-tramposos-_JM,http://http2.mlstatic.com/D_614024-MLA45319557195_032021-I.jpg,614024-MLA45319557195_032021,True,129900,MCO1161,400,MCO-BOARD_GAMES,,31,True,,,,,,544457773,,,False,False,,MCO636936185,"[{'id': '1', 'type': 'standard', 'amount': 129900, 'regular_amount': None, 'currency_id': 'COP', 'last_updated': '2021-06-17T15:03:44Z', 'conditions': {'context_restrictions': [], 'start_time': None, 'end_time': None, 'eligible': True}, 'exchange_rate_context': 'DEFAULT', 'metadata': {}}, {'id': '107', 'type': 'promotion', 'amount': 90930, 'regular_amount': 129900, 'currency_id': 'COP', 'last_updated': '2022-02-15T23:42:49Z', 'conditions': {'context_restrictions': ['channel_marketplace'], 'start_time': '2021-03-25T14:59:00Z', 'end_time': '2029-12-01T15:29:00Z', 'eligible': True}, 'exchange_rate_context': 'DEFAULT', 'metadata': {'campaign_id': 'MCO2574', 'promotion_id': 'MCO2574', 'promotion_type': 'campaign'}}]",{'display_currency': 'COP'},[],"[{'id': '9', 'type': 'list', 'conditions': {'context_restrictions': ['channel_marketplace'], 'start_time': None, 'end_time': None, 'eligible': True}, 'amount': 129900, 'currency_id': 'COP', 'exchange_rate_context': 'DEFAULT', 'tags': [], 'last_updated': '2021-10-08T20:26:12Z'}]",[],36,2525.83,0,COP,CO-CUN,Cundinamarca,TUNPQ0ZVTjMxMDQy,Funza,True,me2,"['fulfillment', 'mandatory_free_shipping']",fulfillment,False,,,,,Colombia,Cundinamarca,Funza,,,5,Hasbro,Nuevo,6,0,1,1,
MCO569971179,MCO,Pegamento Especial Para Rompecabezas Con Espatula Ronda,11000,,COP,1,250,buy_it_now,gold_special,2040-12-09T16:19:26.000Z,new,https://articulo.mercadolibre.com.co/MCO-569971179-pegamento-especial-para-rompecabezas-con-espatula-ronda-_JM,http://http2.mlstatic.com/D_724947-MCO42574892413_072020-I.jpg,724947-MCO42574892413_072020,True,,MCO436800,,MCO-PUZZLES,,30,True,,,,,,22672010,,,False,False,,MCO569971179,"[{'id': '1', 'type': 'standard', 'amount': 11000, 'regular_amount': None, 'currency_id': 'COP', 'last_updated': '2021-04-05T21:20:18Z', 'conditions': {'context_restrictions': [], 'start_time': None, 'end_time': None, 'eligible': True}, 'exchange_rate_context': 'DEFAULT', 'metadata': {}}]",{'display_currency': 'COP'},[],[],[],36,305.56,0,COP,CO-DC,Bogotá D.C.,TUNPQ1RFVTY1OTk1,Teusaquillo,False,me2,"['fulfillment', 'self_service_in']",fulfillment,False,,,,,Colombia,Bogotá D.C.,Teusaquillo,,,7,Ronda,Nuevo,7,1,1,1,Pegante Ronda
MCO639052233,MCO,20 Cartas Pokemon Surtidas Originales,29000,,COP,1,150,buy_it_now,gold_special,2041-06-19T04:00:00.000Z,new,https://articulo.mercadolibre.com.co/MCO-639052233-20-cartas-pokemon-surtidas-originales-_JM,http://http2.mlstatic.com/D_831254-MCO46500443927_062021-I.jpg,831254-MCO46500443927_062021,True,,MCO3390,,MCO-TRADING_CARD_GAMES,,29,True,,,,,,699203816,,,False,False,,MCO639052233,"[{'id': '36', 'type': 'standard', 'amount': 29000, 'regular_amount': None, 'currency_id': 'COP', 'last_updated': '2022-01-25T18:20:34Z', 'conditions': {'context_restrictions': ['channel_marketplace'], 'start_time': None, 'end_time': None, 'eligible': True}, 'exchange_rate_context': 'DEFAULT', 'metadata': {}}, {'id': '35', 'type': 'standard', 'amount': 27000, 'regular_amount': None, 'currency_id': 'COP', 'last_updated': '2022-01-25T18:20:33Z', 'conditions': {'context_restrictions': ['channel_mshops'], 'start_time': None, 'end_time': None, 'eligible': True}, 'exchange_rate_context': 'DEFAULT', 'metadata': {}}]",{'display_currency': 'COP'},[],[],[],36,805.56,0,COP,CO-DC,Bogotá D.C.,TUNPQ1RFVTY1OTk1,Teusaquillo,False,me2,['self_service_in'],xd_drop_off,False,,,,,Colombia,Bogotá D.C.,Teusaquillo,,,4,Pokémon,Nuevo,7,1,1,1,20 Cartas Originales
MCO811414319,MCO,Juego De Mesa Monopoly Gamer Hasbro,143910,,COP,31,6,buy_it_now,gold_special,2041-09-17T04:00:00.000Z,new,https://www.mercadolibre.com.co/juego-de-mesa-monopoly-gamer-hasbro/p/MCO11302267,http://http2.mlstatic.com/D_894714-MLA46521723050_062021-I.jpg,894714-MLA46521723050_062021,True,,MCO1161,1257,MCO-BOARD_GAMES,MCO11302267,28,True,,,,,,450708146,,,False,False,,MCO811414319,"[{'id': '8', 'type': 'standard', 'amount': 143910, 'regular_amount': None, 'currency_id': 'COP', 'last_updated': '2021-12-04T12:13:11Z', 'conditions': {'context_restrictions': [], 'start_time': None, 'end_time': None, 'eligible': True}, 'exchange_rate_context': 'DEFAULT', 'metadata': {}}]",{'display_currency': 'COP'},[],[],[],36,3997.5,0,COP,CO-ANT,Antioquia,TUNPQ01FRGRjNjc4,Medellín,True,me2,['mandatory_free_shipping'],xd_drop_off,False,,,,,Colombia,Antioquia,Medellín,,,3,Hasbro,Nuevo,5,1,1,1,
MCO596040980,MCO,2 Barajas Cartas Bicycle Standard Cardistry Magia Poker ,29500,,COP,1,200,buy_it_now,gold_pro,2040-11-21T04:00:00.000Z,new,https://articulo.mercadolibre.com.co/MCO-596040980-2-barajas-cartas-bicycle-standard-cardistry-magia-poker-_JM,http://http2.mlstatic.com/D_927905-MCO44181013010_112020-I.jpg,927905-MCO44181013010_112020,True,,MCO244743,,MCO-PLAYING_CARDS,MCO10958117,27,True,,,,,,256914381,,,False,False,,MCO596040980,"[{'id': '6', 'type': 'standard', 'amount': 29500, 'regular_amount': None, 'currency_id': 'COP', 'last_updated': '2021-04-21T15:13:35Z', 'conditions': {'context_restrictions': [], 'start_time': None, 'end_time': None, 'eligible': True}, 'exchange_rate_context': 'DEFAULT', 'metadata': {}}, {'id': '10', 'type': 'promotion', 'amount': 28025, 'regular_amount': 29500, 'currency_id': 'COP', 'last_updated': '2021-08-18T00:47:03Z', 'conditions': {'context_restrictions': ['channel_marketplace'], 'start_time': '2021-08-16T05:00:00Z', 'end_time': '2021-08-23T04:59:59Z', 'eligible': True}, 'exchange_rate_context': 'DEFAULT', 'metadata': {'promotion_id': '467587-MCO596040980', 'promotion_type': 'custom'}}, {'id': '11', 'type': 'promotion', 'amount': 28025, 'regular_amount': 29500, 'currency_id': 'COP', 'last_updated': '2021-08-18T00:47:03Z', 'conditions': {'context_restrictions': ['channel_mshops'], 'start_time': '2021-08-16T05:00:00Z', 'end_time': '2021-08-23T04:59:59Z', 'eligible': True}, 'exchange_rate_context': 'DEFAULT', 'metadata': {'promotion_id': 'INDIVIDUAL-MCO596040980-20210817204703473:MCO596040980', 'promotion_type': 'custom'}}]",{'display_currency': 'COP'},[],[],[],12,2458.33,0,COP,CO-ANT,Antioquia,TUNPQ0VOVjU5YjYx,Envigado,False,me2,['fulfillment'],fulfillment,False,,,,,Colombia,Antioquia,Envigado,,,5,Bicycle,Nuevo,7,1,1,1,Standard
MCO464316691,MCO,Agilizate Juego De Mesa De Agilidad Visual. ,26000,,COP,1,500,buy_it_now,gold_special,2040-12-20T16:40:47.000Z,new,https://articulo.mercadolibre.com.co/MCO-464316691-agilizate-juego-de-mesa-de-agilidad-visual-_JM,http://http2.mlstatic.com/D_885339-MCO44363486376_122020-I.jpg,885339-MCO44363486376_122020,True,,MCO1161,,MCO-BOARD_GAMES,,26,True,,,,,,301130883,,,False,False,,MCO464316691,"[{'id': '2', 'type': 'standard', 'amount': 26000, 'regular_amount': None, 'currency_id': 'COP', 'last_updated': '2021-11-12T18:11:27Z', 'conditions': {'context_restrictions': [], 'start_time': None, 'end_time': None, 'eligible': True}, 'exchange_rate_context': 'DEFAULT', 'metadata': {}}]",{'display_currency': 'COP'},[],[],[],36,722.22,0,COP,CO-HUI,Huila,TUNPQ1NBTjVhYTFi,San Agustín,False,me2,['fulfillment'],fulfillment,False,,,,,Colombia,Huila,San Agustín,,,5,FELIZMENTE,Nuevo,6,1,0,1,
MCO809369836,MCO,Juego De Mesa Destreza Hasbro,116910,,COP,8,10,buy_it_now,gold_special,2041-09-11T04:00:00.000Z,new,https://www.mercadolibre.com.co/juego-de-mesa-destreza-hasbro/p/MCO7588737,http://http2.mlstatic.com/D_728749-MLA46521726317_062021-I.jpg,728749-MLA46521726317_062021,True,,MCO1161,1257,MCO-BOARD_GAMES,MCO7588737,25,True,,,,,,450708146,,,False,False,,MCO809369836,"[{'id': '8', 'type': 'standard', 'amount': 116910, 'regular_amount': None, 'currency_id': 'COP', 'last_updated': '2021-12-04T12:12:59Z', 'conditions': {'context_restrictions': [], 'start_time': None, 'end_time': None, 'eligible': True}, 'exchange_rate_context': 'DEFAULT', 'metadata': {}}]",{'display_currency': 'COP'},[],[],[],36,3247.5,0,COP,CO-ANT,Antioquia,TUNPQ01FRGRjNjc4,Medellín,True,me2,['mandatory_free_shipping'],xd_drop_off,False,,,,,Colombia,Antioquia,Medellín,,,3,Hasbro,Nuevo,4,0,1,1,
MCO504715751,MCO,Parqués Magnético Plegable Doble Cara 6 Y 4 Puestos 35x35,22500,,COP,1,500,buy_it_now,gold_special,2039-02-19T04:00:00.000Z,new,https://articulo.mercadolibre.com.co/MCO-504715751-parques-magnetico-plegable-doble-cara-6-y-4-puestos-35x35-_JM,http://http2.mlstatic.com/D_852635-MCO45318262983_032021-I.jpg,852635-MCO45318262983_032021,True,,MCO1161,,MCO-BOARD_GAMES,,24,True,,,,,,36668282,,,False,False,,MCO504715751,"[{'id': '1', 'type': 'standard', 'amount': 22500, 'regular_amount': None, 'currency_id': 'COP', 'last_updated': '2021-02-17T16:21:34Z', 'conditions': {'context_restrictions': [], 'start_time': None, 'end_time': None, 'eligible': True}, 'exchange_rate_context': 'DEFAULT', 'metadata': {}}]",{'display_currency': 'COP'},[],[],[],36,625.0,0,COP,CO-DC,Bogotá D.C.,TUNPQ1NVQjUzNzQ4,Suba,False,me2,"['fulfillment', 'self_service_in']",fulfillment,False,,,,,Colombia,Bogotá D.C.,Suba,,,5,Producto Colombiano,Nuevo,7,1,1,1,
MCO493616808,MCO,Juego Bingo Familiar Salón Mesa Emtretenimiento Balotas,61740,,COP,1,250,buy_it_now,gold_special,2038-11-14T04:00:00.000Z,new,https://articulo.mercadolibre.com.co/MCO-493616808-juego-bingo-familiar-salon-mesa-emtretenimiento-balotas-_JM,http://http2.mlstatic.com/D_664145-MCO46141310337_052021-I.jpg,664145-MCO46141310337_052021,True,64990,MCO1161,,MCO-BOARD_GAMES,MCO18103194,23,True,,,,,,101136210,,,False,False,,MCO493616808,"[{'id': '22', 'type': 'standard', 'amount': 64990, 'regular_amount': None, 'currency_id': 'COP', 'last_updated': '2021-11-17T17:28:43Z', 'conditions': {'context_restrictions': [], 'start_time': None, 'end_time': None, 'eligible': True}, 'exchange_rate_context': 'DEFAULT', 'metadata': {}}, {'id': '28', 'type': 'promotion', 'amount': 61740, 'regular_amount': 64990, 'currency_id': 'COP', 'last_updated': '2022-02-16T16:30:50Z', 'conditions': {'context_restrictions': ['channel_marketplace'], 'start_time': '2022-01-19T13:30:00Z', 'end_time': '2023-01-01T04:00:00Z', 'eligible': True}, 'exchange_rate_context': 'DEFAULT', 'metadata': {'campaign_id': 'MCO3990', 'promotion_id': 'MCO3990', 'promotion_type': 'campaign'}}, {'id': '29', 'type': 'promotion', 'amount': 58491, 'regular_amount': 64990, 'currency_id': 'COP', 'last_updated': '2022-02-16T16:30:50Z', 'conditions': {'context_restrictions': ['buyer_loyalty_3'], 'start_time': '2022-01-19T13:30:00Z', 'end_time': '2023-01-01T04:00:00Z', 'eligible': True}, 'exchange_rate_context': 'DEFAULT', 'metadata': {'campaign_id': 'MCO3990', 'promotion_id': 'MCO3990', 'promotion_type': 'campaign'}}, {'id': '30', 'type': 'promotion', 'amount': 58491, 'regular_amount': 64990, 'currency_id': 'COP', 'last_updated': '2022-02-16T16:30:50Z', 'conditions': {'context_restrictions': ['buyer_loyalty_4'], 'start_time': '2022-01-19T13:30:00Z', 'end_time': '2023-01-01T04:00:00Z', 'eligible': True}, 'exchange_rate_context': 'DEFAULT', 'metadata': {'campaign_id': 'MCO3990', 'promotion_id': 'MCO3990', 'promotion_type': 'campaign'}}, {'id': '31', 'type': 'promotion', 'amount': 58491, 'regular_amount': 64990, 'currency_id': 'COP', 'last_updated': '2022-02-16T16:30:50Z', 'conditions': {'context_restrictions': ['buyer_loyalty_5'], 'start_time': '2022-01-19T13:30:00Z', 'end_time': '2023-01-01T04:00:00Z', 'eligible': True}, 'exchange_rate_context': 'DEFAULT', 'metadata': {'campaign_id': 'MCO3990', 'promotion_id': 'MCO3990', 'promotion_type': 'campaign'}}, {'id': '32', 'type': 'promotion', 'amount': 58491, 'regular_amount': 64990, 'currency_id': 'COP', 'last_updated': '2022-02-16T16:30:50Z', 'conditions': {'context_restrictions': ['buyer_loyalty_6'], 'start_time': '2022-01-19T13:30:00Z', 'end_time': '2023-01-01T04:00:00Z', 'eligible': True}, 'exchange_rate_context': 'DEFAULT', 'metadata': {'campaign_id': 'MCO3990', 'promotion_id': 'MCO3990', 'promotion_type': 'campaign'}}, {'id': '33', 'type': 'promotion', 'amount': 59790, 'regular_amount': 64990, 'currency_id': 'COP', 'last_updated': '2022-02-16T16:30:50Z', 'conditions': {'context_restrictions': ['channel_marketplace'], 'start_time': '2022-02-23T05:00:00Z', 'end_time': '2022-02-24T04:59:59Z', 'eligible': True}, 'exchange_rate_context': 'DEFAULT', 'metadata': {'promotion_id': '1631050-MCO493616808', 'promotion_type': 'deal_of_the_day'}}]",{'display_currency': 'COP'},[],[],[],36,1715.0,0,COP,CO-DC,Bogotá D.C.,TUNPQ01BUjU5NzU1,Martires,False,me2,"['fulfillment', 'self_service_in']",fulfillment,False,,,,,Colombia,Bogotá D.C.,Martires,,,5,Mcktoys,Nuevo,6,0,1,1,
MCO653301936,MCO,Cartas Pokemon Sobre X10 Cartas En Español,14900,,COP,1,150,buy_it_now,gold_pro,2041-07-31T04:00:00.000Z,new,https://articulo.mercadolibre.com.co/MCO-653301936-cartas-pokemon-sobre-x10-cartas-en-espanol-_JM,http://http2.mlstatic.com/D_695568-MCO46933841367_072021-I.jpg,695568-MCO46933841367_072021,True,,MCO3390,,MCO-TRADING_CARD_GAMES,,22,True,,,,,,114584112,,,False,False,,MCO653301936,"[{'id': '2', 'type': 'standard', 'amount': 14900, 'regular_amount': None, 'currency_id': 'COP', 'last_updated': '2021-08-08T15:33:24Z', 'conditions': {'context_restrictions': [], 'start_time': None, 'end_time': None, 'eligible': True}, 'exchange_rate_context': 'DEFAULT', 'metadata': {}}]",{'display_currency': 'COP'},[],[],[],12,1241.67,0,COP,CO-DC,Bogotá D.C.,TUNPQ1VTQTY3MTQ1,Usaquén,False,me2,[],cross_docking,False,,,,,Colombia,Bogotá D.C.,Usaquén,,,4,#N/A,Nuevo,5,0,1,1,Cartas Pokemon
MCO819123055,MCO,Juego De Cartas Exploding Kittens Party Pack Exploding Kittens,139999,,COP,14,16,buy_it_now,gold_special,2041-10-03T04:00:00.000Z,new,https://www.mercadolibre.com.co/juego-de-cartas-exploding-kittens-party-pack/p/MCO17426727,http://http2.mlstatic.com/D_861588-MLA46521618448_062021-I.jpg,861588-MLA46521618448_062021,True,,MCO1161,,MCO-BOARD_GAMES,MCO17426727,21,True,,,,,,87841979,,,False,False,,MCO819123055,"[{'id': '12', 'type': 'standard', 'amount': 139999, 'regular_amount': None, 'currency_id': 'COP', 'last_updated': '2022-02-15T20:34:41Z', 'conditions': {'context_restrictions': [], 'start_time': None, 'end_time': None, 'eligible': True}, 'exchange_rate_context': 'DEFAULT', 'metadata': {}}]",{'display_currency': 'COP'},[],[],[],36,3888.86,0,COP,CO-DC,Bogotá D.C.,TUNPQ0tFTjQyODYy,Kennedy,True,me2,['mandatory_free_shipping'],cross_docking,False,,,,,Colombia,Bogotá D.C.,Kennedy,,,2,Exploding Kittens,Nuevo,4,0,1,1,
MCO584926500,MCO,Rompecabezas 1000 Piezas Starry Night / Noche Estrellada,56905,,COP,1,500,buy_it_now,gold_pro,2040-09-20T04:00:00.000Z,new,https://articulo.mercadolibre.com.co/MCO-584926500-rompecabezas-1000-piezas-starry-night-noche-estrellada-_JM,http://http2.mlstatic.com/D_759841-MCO42690077746_072020-I.jpg,759841-MCO42690077746_072020,True,59900,MCO436800,,MCO-PUZZLES,,20,True,,,,,,228238667,,,False,False,,MCO584926500,"[{'id': '19', 'type': 'standard', 'amount': 59900, 'regular_amount': None, 'currency_id': 'COP', 'last_updated': '2021-12-10T14:10:28Z', 'conditions': {'context_restrictions': [], 'start_time': None, 'end_time': None, 'eligible': True}, 'exchange_rate_context': 'DEFAULT', 'metadata': {}}, {'id': '36', 'type': 'promotion', 'amount': 56905, 'regular_amount': 59900, 'currency_id': 'COP', 'last_updated': '2022-02-03T23:09:51Z', 'conditions': {'context_restrictions': ['channel_marketplace'], 'start_time': '2022-01-19T13:30:00Z', 'end_time': '2023-01-01T04:00:00Z', 'eligible': True}, 'exchange_rate_context': 'DEFAULT', 'metadata': {'campaign_id': 'MCO3990', 'promotion_id': 'MCO3990', 'promotion_type': 'campaign'}}, {'id': '37', 'type': 'promotion', 'amount': 53910, 'regular_amount': 59900, 'currency_id': 'COP', 'last_updated': '2022-02-03T23:09:51Z', 'conditions': {'context_restrictions': ['buyer_loyalty_3'], 'start_time': '2022-01-19T13:30:00Z', 'end_time': '2023-01-01T04:00:00Z', 'eligible': True}, 'exchange_rate_context': 'DEFAULT', 'metadata': {'campaign_id': 'MCO3990', 'promotion_id': 'MCO3990', 'promotion_type': 'campaign'}}, {'id': '38', 'type': 'promotion', 'amount': 53910, 'regular_amount': 59900, 'currency_id': 'COP', 'last_updated': '2022-02-03T23:09:51Z', 'conditions': {'context_restrictions': ['buyer_loyalty_4'], 'start_time': '2022-01-19T13:30:00Z', 'end_time': '2023-01-01T04:00:00Z', 'eligible': True}, 'exchange_rate_context': 'DEFAULT', 'metadata': {'campaign_id': 'MCO3990', 'promotion_id': 'MCO3990', 'promotion_type': 'campaign'}}, {'id': '39', 'type': 'promotion', 'amount': 53910, 'regular_amount': 59900, 'currency_id': 'COP', 'last_updated': '2022-02-03T23:09:51Z', 'conditions': {'context_restrictions': ['buyer_loyalty_5'], 'start_time': '2022-01-19T13:30:00Z', 'end_time': '2023-01-01T04:00:00Z', 'eligible': True}, 'exchange_rate_context': 'DEFAULT', 'metadata': {'campaign_id': 'MCO3990', 'promotion_id': 'MCO3990', 'promotion_type': 'campaign'}}, {'id': '40', 'type': 'promotion', 'amount': 53910, 'regular_amount': 59900, 'currency_id': 'COP', 'last_updated': '2022-02-03T23:09:51Z', 'conditions': {'context_restrictions': ['buyer_loyalty_6'], 'start_time': '2022-01-19T13:30:00Z', 'end_time': '2023-01-01T04:00:00Z', 'eligible': True}, 'exchange_rate_context': 'DEFAULT', 'metadata': {'campaign_id': 'MCO3990', 'promotion_id': 'MCO3990', 'promotion_type': 'campaign'}}]",{'display_currency': 'COP'},[],[],[],12,4742.08,0,COP,CO-ANT,Antioquia,TUNPQ0VOVjU5YjYx,Envigado,True,me2,['fulfillment'],fulfillment,False,,,,,Colombia,Antioquia,Envigado,,,6,INGENIO DESTREZA MENTAL,Nuevo,7,1,1,1,STARRY NIGHT - NOCHE ESTRELLADA
MCO577523162,MCO,Set De 5 Dados Poker Blancos  Juego De Mesa Importado Cacho,4900,,COP,1,250,buy_it_now,gold_pro,2040-08-12T04:00:00.000Z,new,https://articulo.mercadolibre.com.co/MCO-577523162-set-de-5-dados-poker-blancos-juego-de-mesa-importado-cacho-_JM,http://http2.mlstatic.com/D_789340-MCO43184884367_082020-I.jpg,789340-MCO43184884367_082020,True,,MCO433017,,MCO-POKER_SETS,,19,True,,,,,,101136210,,,False,False,,MCO577523162,"[{'id': '4', 'type': 'standard', 'amount': 4900, 'regular_amount': None, 'currency_id': 'COP', 'last_updated': '2021-11-24T04:10:26Z', 'conditions': {'context_restrictions': [], 'start_time': None, 'end_time': None, 'eligible': True}, 'exchange_rate_context': 'DEFAULT', 'metadata': {}}]",{'display_currency': 'COP'},[],[],[],12,408.33,0,COP,CO-DC,Bogotá D.C.,TUNPQ01BUjU5NzU1,Martires,False,me2,"['fulfillment', 'self_service_in']",fulfillment,False,,,,,Colombia,Bogotá D.C.,Martires,,,5,Nacional,Nuevo,6,1,0,1,
MCO522810829,MCO,Juego De Mesa Rummi-q Caja Original,74900,,COP,1,500,buy_it_now,gold_special,2040-05-30T22:32:10.000Z,new,https://articulo.mercadolibre.com.co/MCO-522810829-juego-de-mesa-rummi-q-caja-original-_JM,http://http2.mlstatic.com/D_651310-MCO41657123861_052020-I.jpg,651310-MCO41657123861_052020,True,,MCO1161,1257,MCO-BOARD_GAMES,,18,True,,,,,,450708146,,,False,False,,MCO522810829,"[{'id': '11', 'type': 'standard', 'amount': 74900, 'regular_amount': None, 'currency_id': 'COP', 'last_updated': '2021-12-04T12:13:12Z', 'conditions': {'context_restrictions': [], 'start_time': None, 'end_time': None, 'eligible': True}, 'exchange_rate_context': 'DEFAULT', 'metadata': {}}]",{'display_currency': 'COP'},[],[],[],36,2080.56,0,COP,CO-ANT,Antioquia,TUNPQ01FRGRjNjc4,Medellín,True,me2,"['fulfillment', 'fs_threshold_mco_change_jul2021', 'mandatory_free_shipping']",fulfillment,False,,,,,Colombia,Antioquia,Medellín,,,5,Juego de Mesa,Nuevo,7,1,1,1,
MCO577888279,MCO,Juego De Mesa Monopoly Super Banco Electrónico Recompensas,149900,,COP,250,500,buy_it_now,gold_special,2040-11-21T19:58:38.000Z,new,https://articulo.mercadolibre.com.co/MCO-577888279-juego-de-mesa-monopoly-super-banco-electronico-recompensas-_JM,http://http2.mlstatic.com/D_711546-MCO45171837372_032021-I.jpg,711546-MCO45171837372_032021,True,,MCO1161,400,MCO-BOARD_GAMES,MCO16255045,17,True,,,,,,544457773,,,False,False,,MCO577888279,"[{'id': '37', 'type': 'standard', 'amount': 149900, 'regular_amount': None, 'currency_id': 'COP', 'last_updated': '2021-07-08T20:50:38Z', 'conditions': {'context_restrictions': [], 'start_time': None, 'end_time': None, 'eligible': True}, 'exchange_rate_context': 'DEFAULT', 'metadata': {}}, {'id': '207', 'type': 'promotion', 'amount': 149900, 'regular_amount': None, 'currency_id': 'COP', 'last_updated': '2022-01-22T11:49:02Z', 'conditions': {'context_restrictions': ['channel_marketplace'], 'start_time': '2021-03-25T14:59:00Z', 'end_time': '2029-12-01T15:29:00Z', 'eligible': True}, 'exchange_rate_context': 'DEFAULT', 'metadata': {'campaign_id': 'MCO2574', 'promotion_id': 'MCO2574', 'promotion_type': 'campaign'}}]",{'display_currency': 'COP'},[],"[{'id': '66', 'type': 'list', 'conditions': {'context_restrictions': ['channel_marketplace'], 'start_time': None, 'end_time': None, 'eligible': True}, 'amount': 149900, 'currency_id': 'COP', 'exchange_rate_context': 'DEFAULT', 'tags': [], 'last_updated': '2021-11-17T08:03:39Z'}]",[],36,4163.89,0,COP,CO-CUN,Cundinamarca,TUNPQ0ZVTjMxMDQy,Funza,True,me2,"['fulfillment', 'mandatory_free_shipping']",fulfillment,False,,,,,Colombia,Cundinamarca,Funza,,,5,Hasbro,Nuevo,8,1,1,1,
MCO604616995,MCO,Tangram Magnético Rompecabezas Didáctico Educativo Libro ,19800,,COP,1,250,buy_it_now,gold_pro,2041-01-23T04:00:00.000Z,new,https://articulo.mercadolibre.com.co/MCO-604616995-tangram-magnetico-rompecabezas-didactico-educativo-libro-_JM,http://http2.mlstatic.com/D_949285-MCO48082444630_102021-I.jpg,949285-MCO48082444630_102021,True,,MCO436800,,MCO-PUZZLES,,16,True,,,,,,3140696,,,False,False,,MCO604616995,"[{'id': '1', 'type': 'standard', 'amount': 19800, 'regular_amount': None, 'currency_id': 'COP', 'last_updated': '2021-01-29T01:42:58Z', 'conditions': {'context_restrictions': [], 'start_time': None, 'end_time': None, 'eligible': True}, 'exchange_rate_context': 'DEFAULT', 'metadata': {}}]",{'display_currency': 'COP'},[],[],[],12,1650.0,0,COP,CO-CUN,Cundinamarca,TUNPQ1NPQTZlMjkx,Soacha,False,me2,"['fulfillment', 'self_service_out']",fulfillment,False,,,,,Colombia,Cundinamarca,Soacha,,,6,MADE JUEGOS,Nuevo,7,1,1,1,Tangram
MCO633554752,MCO,Ajedrez #5 En Madera Artesanal De 45 X 45,57000,,COP,1,200,buy_it_now,gold_special,2041-06-03T04:00:00.000Z,new,https://articulo.mercadolibre.com.co/MCO-633554752-ajedrez-5-en-madera-artesanal-de-45-x-45-_JM,http://http2.mlstatic.com/D_808256-MCO46325071407_062021-I.jpg,808256-MCO46325071407_062021,True,,MCO1161,,MCO-BOARD_GAMES,,15,True,,,,,,36668282,,,False,False,,MCO633554752,"[{'id': '1', 'type': 'standard', 'amount': 57000, 'regular_amount': None, 'currency_id': 'COP', 'last_updated': '2021-06-09T01:58:44Z', 'conditions': {'context_restrictions': [], 'start_time': None, 'end_time': None, 'eligible': True}, 'exchange_rate_context': 'DEFAULT', 'metadata': {}}]",{'display_currency': 'COP'},[],[],[],36,1583.33,0,COP,CO-DC,Bogotá D.C.,TUNPQ1NVQjUzNzQ4,Suba,False,me2,"['fulfillment', 'self_service_in']",fulfillment,False,,,,,Colombia,Bogotá D.C.,Suba,,,5,Producto Colombiano,Nuevo,6,0,1,1,
MCO823845180,MCO,Juego De Mesa Clue Clásico Hasbro,70000,,COP,1,5,buy_it_now,gold_special,2041-10-16T04:00:00.000Z,new,https://www.mercadolibre.com.co/juego-de-mesa-clue-clasico-hasbro/p/MCO9833363,http://http2.mlstatic.com/D_679679-MLA46521615527_062021-I.jpg,679679-MLA46521615527_062021,True,,MCO1161,,MCO-BOARD_GAMES,MCO9833363,14,True,,,,,,599455763,,,False,False,,MCO823845180,"[{'id': '1', 'type': 'standard', 'amount': 70000, 'regular_amount': None, 'currency_id': 'COP', 'last_updated': '2021-10-21T20:57:47Z', 'conditions': {'context_restrictions': [], 'start_time': None, 'end_time': None, 'eligible': True}, 'exchange_rate_context': 'DEFAULT', 'metadata': {}}]",{'display_currency': 'COP'},[],[],[],36,1944.44,0,COP,CO-BOL,Bolivar,TUNPQ0NBUjcwNTYz,Cartagena De Indias,True,me2,['mandatory_free_shipping'],drop_off,False,,,,,Colombia,Bolivar,Cartagena De Indias,,,3,Hasbro,Nuevo,5,1,1,1,
MCO617574146,MCO,Pokemon Sobre De Cartas Coleccionables Sword & Shield ,10000,,COP,250,500,buy_it_now,gold_pro,2041-04-13T04:00:00.000Z,new,https://articulo.mercadolibre.com.co/MCO-617574146-pokemon-sobre-de-cartas-coleccionables-sword-shield-_JM,http://http2.mlstatic.com/D_666564-MCO48952675268_012022-O.jpg,666564-MCO48952675268_012022,True,,MCO3390,,MCO-TRADING_CARD_GAMES,,13,False,,,,,,116139488,,,False,False,,MCO617574146,"[{'id': '7', 'type': 'standard', 'amount': 10000, 'regular_amount': None, 'currency_id': 'COP', 'last_updated': '2022-02-11T16:50:58Z', 'conditions': {'context_restrictions': [], 'start_time': None, 'end_time': None, 'eligible': True}, 'exchange_rate_context': 'DEFAULT', 'metadata': {}}]",{'display_currency': 'COP'},[],[],[],12,833.33,0,COP,CO-DC,Bogotá D.C.,TUNPQ1VTQTY3MTQ1,Usaquén,False,me2,[],xd_drop_off,False,,,,,Colombia,Bogotá D.C.,Usaquén,,,4,Genérica,Nuevo,6,1,1,1,Generica
MCO855184915,MCO,Juego De Mesa Pictionary Air Mattel,103410,,COP,20,2,buy_it_now,gold_special,2042-01-28T04:00:00.000Z,new,https://www.mercadolibre.com.co/juego-de-mesa-pictionary-air-mattel/p/MCO16602408,http://http2.mlstatic.com/D_661776-MLA46521726249_062021-I.jpg,661776-MLA46521726249_062021,True,,MCO1161,1257,MCO-BOARD_GAMES,MCO16602408,12,True,,,,,,450708146,,,False,False,,MCO855184915,"[{'id': '1', 'type': 'standard', 'amount': 103410, 'regular_amount': None, 'currency_id': 'COP', 'last_updated': '2022-02-02T21:04:17Z', 'conditions': {'context_restrictions': [], 'start_time': None, 'end_time': None, 'eligible': True}, 'exchange_rate_context': 'DEFAULT', 'metadata': {}}]",{'display_currency': 'COP'},[],[],[],36,2872.5,0,COP,CO-ANT,Antioquia,TUNPQ01FRGRjNjc4,Medellín,True,me2,['mandatory_free_shipping'],xd_drop_off,False,,,,,Colombia,Antioquia,Medellín,,,3,Mattel,Nuevo,5,1,1,1,
MCO645485423,MCO,100 Cartas Originales De Yugioh. Oferta Por Tiempo Limitado,24890,,COP,1,250,buy_it_now,gold_special,2041-10-29T02:45:59.000Z,new,https://articulo.mercadolibre.com.co/MCO-645485423-100-cartas-originales-de-yugioh-oferta-por-tiempo-limitado-_JM,http://http2.mlstatic.com/D_953045-MCO47784898120_102021-I.jpg,953045-MCO47784898120_102021,True,,MCO3390,,MCO-TRADING_CARD_GAMES,,11,True,,,,,,375859403,,,False,False,,MCO645485423,"[{'id': '14', 'type': 'standard', 'amount': 24890, 'regular_amount': None, 'currency_id': 'COP', 'last_updated': '2022-02-13T06:46:46Z', 'conditions': {'context_restrictions': [], 'start_time': None, 'end_time': None, 'eligible': True}, 'exchange_rate_context': 'DEFAULT', 'metadata': {}}]",{'display_currency': 'COP'},[],[],[],36,691.39,0,COP,CO-DC,Bogotá D.C.,TUNPQ1NVQjUzNzQ4,Suba,False,me2,['fulfillment'],fulfillment,False,,,,,Colombia,Bogotá D.C.,Suba,,,6,Konami,Nuevo,6,1,0,1,
MCO803966152,MCO,Juego De Mesa Monopoly Fortnite Hasbro,116415,,COP,2,2,buy_it_now,gold_special,2041-08-30T04:00:00.000Z,new,https://www.mercadolibre.com.co/juego-de-mesa-monopoly-fortnite-hasbro/p/MCO13500495,http://http2.mlstatic.com/D_996609-MLA46521618923_062021-I.jpg,996609-MLA46521618923_062021,True,129351,MCO1161,,MCO-BOARD_GAMES,MCO13500495,10,True,,,,,,344093871,,,False,False,,MCO803966152,"[{'id': '5', 'type': 'standard', 'amount': 129351, 'regular_amount': None, 'currency_id': 'COP', 'last_updated': '2022-02-02T16:06:28Z', 'conditions': {'context_restrictions': [], 'start_time': None, 'end_time': None, 'eligible': True}, 'exchange_rate_context': 'DEFAULT', 'metadata': {}}, {'id': '6', 'type': 'promotion', 'amount': 116415, 'regular_amount': 129351, 'currency_id': 'COP', 'last_updated': '2022-02-17T04:46:24Z', 'conditions': {'context_restrictions': ['channel_marketplace'], 'start_time': '2022-02-17T05:00:00Z', 'end_time': '2022-02-24T04:59:59Z', 'eligible': True}, 'exchange_rate_context': 'DEFAULT', 'metadata': {'promotion_id': '1635451-MCO803966152', 'promotion_type': 'custom'}}]",{'display_currency': 'COP'},[],[],[],36,3233.75,0,COP,CO-DC,Bogotá D.C.,TUNPQ0JPUzQwMzcw,Bosa,True,me2,['mandatory_free_shipping'],cross_docking,False,,,,,Colombia,Bogotá D.C.,Bosa,,,3,Hasbro,Nuevo,4,0,1,1,
MCO510144470,MCO,Juego De Cartas Ruta,56905,,COP,50,500,buy_it_now,gold_special,2039-04-15T16:02:56.000Z,new,https://articulo.mercadolibre.com.co/MCO-510144470-juego-de-cartas-ruta-_JM,http://http2.mlstatic.com/D_899645-MCO43461353406_092020-I.jpg,899645-MCO43461353406_092020,True,59900,MCO1161,,MCO-BOARD_GAMES,,9,True,,,,,,132688207,,,False,False,,MCO510144470,"[{'id': '51a41faa-2a15-4fc2-955a-87f00ec25787', 'type': 'standard', 'amount': 59900, 'regular_amount': None, 'currency_id': 'COP', 'last_updated': '2020-09-23T05:21:35Z', 'conditions': {'context_restrictions': [], 'start_time': None, 'end_time': None, 'eligible': True}, 'exchange_rate_context': 'DEFAULT', 'metadata': {}}, {'id': '26', 'type': 'promotion', 'amount': 56905, 'regular_amount': 59900, 'currency_id': 'COP', 'last_updated': '2022-02-15T17:23:34Z', 'conditions': {'context_restrictions': ['channel_marketplace'], 'start_time': '2022-02-15T05:00:00Z', 'end_time': '2022-02-22T04:59:59Z', 'eligible': True}, 'exchange_rate_context': 'DEFAULT', 'metadata': {'promotion_id': '1622790-MCO510144470', 'promotion_type': 'custom'}}]",{'display_currency': 'COP'},[],[],[],36,1580.69,0,COP,CO-DC,Bogotá D.C.,TUNPQ1VTQTY3MTQ1,Usaquén,False,me2,"['fulfillment', 'self_service_in']",fulfillment,False,,,,,Colombia,Bogotá D.C.,Usaquén,,,5,Hola,Nuevo,7,1,1,1,
MCO553250134,MCO,Pokémon Sobre De Cartas Coleccionables Unified Minds,10000,,COP,500,500,buy_it_now,gold_special,2041-10-28T21:12:17.000Z,new,https://articulo.mercadolibre.com.co/MCO-553250134-pokemon-sobre-de-cartas-coleccionables-unified-minds-_JM,http://http2.mlstatic.com/D_706372-MCO47790895533_102021-O.jpg,706372-MCO47790895533_102021,True,,MCO3390,,MCO-TRADING_CARD_GAMES,,8,False,,,,,,38322027,,,False,False,,MCO553250134,"[{'id': '6', 'type': 'standard', 'amount': 10000, 'regular_amount': None, 'currency_id': 'COP', 'last_updated': '2022-02-05T22:18:34Z', 'conditions': {'context_restrictions': [], 'start_time': None, 'end_time': None, 'eligible': True}, 'exchange_rate_context': 'DEFAULT', 'metadata': {}}, {'id': '1', 'type': 'promotion', 'amount': 4250, 'regular_amount': 5000, 'currency_id': 'COP', 'last_updated': '2021-04-14T12:06:06Z', 'conditions': {'context_restrictions': [], 'start_time': '2021-04-14T12:05:06Z', 'end_time': '2021-04-19T02:00:00Z', 'eligible': True}, 'exchange_rate_context': 'DEFAULT', 'metadata': {'campaign_id': 'P-MCO214003', 'promotion_id': 'MCO553250134-29098073-fc41-4a7e-bb01-f1e948a4b483', 'promotion_type': 'marketplace_campaign', 'discount_meli_amount': 350, 'campaign_discount_percentage': 15, 'campaign_end_date': '2021-04-19T02:00:00Z', 'order_item_price': 4600}}]",{'display_currency': 'COP'},[],[],[],36,277.78,0,COP,CO-DC,Bogotá D.C.,TUNPQ1BVRTg0NTU0,Puente Aranda,False,me2,['self_service_in'],cross_docking,False,,,,,Colombia,Bogotá D.C.,Puente Aranda,,,4,#N/A,Nuevo,5,1,0,1,N/A
MCO807247912,MCO,Juego De Mesa Monopoly Gamer Mario Kart Hasbro,159900,,COP,4,23,buy_it_now,gold_special,2041-09-06T04:00:00.000Z,new,https://www.mercadolibre.com.co/juego-de-mesa-monopoly-gamer-mario-kart-hasbro/p/MCO16026180,http://http2.mlstatic.com/D_927758-MLA46521726294_062021-I.jpg,927758-MLA46521726294_062021,True,,MCO1161,,MCO-BOARD_GAMES,MCO16026180,7,True,,,,,,155418681,,,False,False,,MCO807247912,"[{'id': '4', 'type': 'standard', 'amount': 159900, 'regular_amount': None, 'currency_id': 'COP', 'last_updated': '2021-12-27T19:40:54Z', 'conditions': {'context_restrictions': [], 'start_time': None, 'end_time': None, 'eligible': True}, 'exchange_rate_context': 'DEFAULT', 'metadata': {}}]",{'display_currency': 'COP'},[],[],[],36,4441.67,0,COP,CO-DC,Bogotá D.C.,TUNPQ0tFTjQyODYy,Kennedy,True,me2,"['fulfillment', 'self_service_in', 'mandatory_free_shipping']",fulfillment,False,,,,,Colombia,Bogotá D.C.,Kennedy,,,5,Hasbro,Nuevo,5,0,1,1,
MCO811287729,MCO,Juego De Mesa Scrabble Original Mattel,103410,,COP,30,12,buy_it_now,gold_special,2041-09-16T04:00:00.000Z,new,https://www.mercadolibre.com.co/juego-de-mesa-scrabble-original-mattel/p/MCO7869188,http://http2.mlstatic.com/D_995601-MLA46521615361_062021-I.jpg,995601-MLA46521615361_062021,True,,MCO1161,1257,MCO-BOARD_GAMES,MCO7869188,6,True,,,,,,450708146,,,False,False,,MCO811287729,"[{'id': '9', 'type': 'standard', 'amount': 103410, 'regular_amount': None, 'currency_id': 'COP', 'last_updated': '2022-01-03T13:15:44Z', 'conditions': {'context_restrictions': [], 'start_time': None, 'end_time': None, 'eligible': True}, 'exchange_rate_context': 'DEFAULT', 'metadata': {}}]",{'display_currency': 'COP'},[],[],[],36,2872.5,0,COP,CO-ANT,Antioquia,TUNPQ01FRGRjNjc4,Medellín,True,me2,"['fbm_in_process', 'mandatory_free_shipping']",xd_drop_off,False,,,,,Colombia,Antioquia,Medellín,,,5,Mattel,Nuevo,5,1,1,1,
MCO811280535,MCO, Twister Refresh Hasbro,63920,,COP,58,25,buy_it_now,gold_special,2041-09-16T04:00:00.000Z,new,https://www.mercadolibre.com.co/twister-refresh-hasbro/p/MCO8938103,http://http2.mlstatic.com/D_805268-MLA46521615228_062021-I.jpg,805268-MLA46521615228_062021,True,,MCO1161,1257,MCO-BOARD_GAMES,MCO8938103,5,True,,,,,,450708146,,,False,False,,MCO811280535,"[{'id': '9', 'type': 'standard', 'amount': 63920, 'regular_amount': None, 'currency_id': 'COP', 'last_updated': '2021-12-04T12:13:04Z', 'conditions': {'context_restrictions': [], 'start_time': None, 'end_time': None, 'eligible': True}, 'exchange_rate_context': 'DEFAULT', 'metadata': {}}]",{'display_currency': 'COP'},[],[],[],36,1775.56,0,COP,CO-ANT,Antioquia,TUNPQ01FRGRjNjc4,Medellín,False,me2,"['fs_threshold_mco_change_apr2021', 'fs_threshold_mco_change_jul2021', 'fbm_in_process']",xd_drop_off,False,,,,,Colombia,Antioquia,Medellín,,,5,Hasbro,Nuevo,5,1,1,1,
MCO653335500,MCO,Juego De Cartas Uno Minimalista Mattel,48778,,COP,12,28,buy_it_now,gold_special,2041-07-31T04:00:00.000Z,new,https://www.mercadolibre.com.co/juego-de-cartas-uno-minimalista-mattel/p/MCO16077024,http://http2.mlstatic.com/D_641195-MLA46521618290_062021-I.jpg,641195-MLA46521618290_062021,True,,MCO1161,,MCO-BOARD_GAMES,MCO16077024,4,True,,,,,,132688207,,,False,False,,MCO653335500,"[{'id': '6', 'type': 'standard', 'amount': 48778, 'regular_amount': None, 'currency_id': 'COP', 'last_updated': '2022-01-11T17:05:14Z', 'conditions': {'context_restrictions': [], 'start_time': None, 'end_time': None, 'eligible': True}, 'exchange_rate_context': 'DEFAULT', 'metadata': {}}]",{'display_currency': 'COP'},[],[],[],36,1354.94,0,COP,CO-DC,Bogotá D.C.,TUNPQ1VTQTY3MTQ1,Usaquén,False,me2,['self_service_in'],xd_drop_off,False,,,,,Colombia,Bogotá D.C.,Usaquén,,,3,Mattel,Nuevo,5,1,1,1,
MCO811173116,MCO,Juego De Mesa Monopoly Hasbro,103920,,COP,31,32,buy_it_now,gold_special,2041-09-16T04:00:00.000Z,new,https://www.mercadolibre.com.co/juego-de-mesa-monopoly-hasbro/p/MCO8872770,http://http2.mlstatic.com/D_911912-MLA46521615197_062021-I.jpg,911912-MLA46521615197_062021,True,,MCO1161,1257,MCO-BOARD_GAMES,MCO8872770,3,True,,,,,,450708146,,,False,False,,MCO811173116,"[{'id': '11', 'type': 'standard', 'amount': 103920, 'regular_amount': None, 'currency_id': 'COP', 'last_updated': '2021-12-04T12:13:03Z', 'conditions': {'context_restrictions': [], 'start_time': None, 'end_time': None, 'eligible': True}, 'exchange_rate_context': 'DEFAULT', 'metadata': {}}]",{'display_currency': 'COP'},[],[],[],36,2886.67,0,COP,CO-ANT,Antioquia,TUNPQ01FRGRjNjc4,Medellín,True,me2,"['fbm_in_process', 'mandatory_free_shipping']",xd_drop_off,False,,,,,Colombia,Antioquia,Medellín,,,5,Hasbro,Nuevo,6,1,1,1,
MCO837749222,MCO,Juego De Mesa Risk Hasbro,175000,,COP,1,12,buy_it_now,gold_special,2041-11-25T04:00:00.000Z,new,https://www.mercadolibre.com.co/juego-de-mesa-risk-hasbro/p/MCO7883578,http://http2.mlstatic.com/D_815890-MLA46521723273_062021-I.jpg,815890-MLA46521723273_062021,True,,MCO1161,,MCO-BOARD_GAMES,MCO7883578,2,True,,,,,,313858302,,,False,False,,MCO837749222,"[{'id': '4', 'type': 'standard', 'amount': 175000, 'regular_amount': None, 'currency_id': 'COP', 'last_updated': '2022-01-18T05:24:26Z', 'conditions': {'context_restrictions': [], 'start_time': None, 'end_time': None, 'eligible': True}, 'exchange_rate_context': 'DEFAULT', 'metadata': {}}]",{'display_currency': 'COP'},[],[],[],36,4861.11,0,COP,CO-ANT,Antioquia,TUNPQ0VOVjU5YjYx,Envigado,True,me2,['mandatory_free_shipping'],cross_docking,False,,,,,Colombia,Antioquia,Envigado,,,3,Hasbro,Nuevo,5,1,1,1,
MCO836117731,MCO,Juego De Mesa Monopoly Super Electronic Banking Hasbro,123333,,COP,3,9,buy_it_now,gold_special,2041-11-20T04:00:00.000Z,new,https://www.mercadolibre.com.co/juego-de-mesa-monopoly-super-electronic-banking-hasbro/p/MCO16255045,http://http2.mlstatic.com/D_976416-MLA48634114530_122021-I.jpg,976416-MLA48634114530_122021,True,,MCO1161,1196,MCO-BOARD_GAMES,MCO16255045,1,True,,,,,,181427591,,,False,False,,MCO836117731,"[{'id': '56', 'type': 'standard', 'amount': 123333, 'regular_amount': None, 'currency_id': 'COP', 'last_updated': '2022-02-09T22:58:23Z', 'conditions': {'context_restrictions': [], 'start_time': None, 'end_time': None, 'eligible': True}, 'exchange_rate_context': 'DEFAULT', 'metadata': {}}]",{'display_currency': 'COP'},[],[],[],36,3425.92,0,COP,CO-CUN,Cundinamarca,TUNPQ0NPVGFiYzZm,Cota,True,me2,"['fulfillment', 'mandatory_free_shipping']",fulfillment,False,,,,,Colombia,Cundinamarca,Cota,,,5,Hasbro,Nuevo,7,1,1,1,
